1697474540171 3.581605911254883 0
1697474541023 3.581590175628662 1
1697474541931 3.5742056369781494 2
1697474542773 3.574959456920624 3
1697474543760 3.5716440677642822 4
1697474544684 3.5700893799463906 5
1697474545584 3.5679690837860107 6
1697474546486 3.5662183463573456 7
1697474547274 3.564285463756985 8
1697474548190 3.561867594718933 9
1697474549119 3.5591237111525102 10
1697474549985 3.5579511523246765 11
1697474550883 3.556260108947754 12
1697474551793 3.554298026221139 13
1697474552635 3.5521416982014973 14
1697474553623 3.5506546795368195 15
1697474554471 3.5496834867140827 16
1697474555305 3.548112670580546 17
1697474556226 3.5469189192119397 18
1697474557097 3.5448492407798766 19
1697474558056 3.5441461631229947 20
1697474558919 3.5429288799112495 21
1697474559783 3.541379348091457 22
1697474560800 3.540375749270121 23
1697474561669 3.538900947570801 24
1697474562597 3.5374732384314904 25
1697474563604 3.535132319838912 26
1697474564548 3.5340781893048967 27
1697474565478 3.5320024983636262 28
1697474566349 3.5299474398295083 29
1697474567343 3.5291976159618748 30
1697474568348 3.527268260717392 31
1697474569348 3.5252401756517813 32
1697474570287 3.5238424679812264 33
1697474571177 3.521794741494315 34
1697474572112 3.5206680562761097 35
1697474573057 3.5186653781581567 36
1697474574006 3.5163004084637293 37
1697474575024 3.514943715853569 38
1697474576002 3.5137318432331086 39
1697474577024 3.5116946173877253 40
1697474578120 3.5102932112557546 41
1697474579074 3.5082724482514136 42
1697474580110 3.506724341349168 43
1697474581046 3.504849502775404 44
1697474581966 3.5032828061476997 45
1697474582986 3.501355617604357 46
1697474584008 3.4992057581742606 47
1697474584942 3.4974548427426084 48
1697474585885 3.495643138885498 49
1697474586917 3.4932568961498784 50
1697474587993 3.4911901354789734 51
1697474589021 3.488773728316685 52
1697474590045 3.486989392174615 53
1697474591006 3.485186299410733 54
1697474592027 3.4830727875232697 55
1697474593055 3.4806304772694907 56
1697474593825 3.479330297174125 57
1697474594698 3.4777317936137573 58
1697474595510 3.475975195566813 59
1697474596397 3.4741075390675027 60
1697474597294 3.4724818160456996 61
1697474598303 3.4692877852727495 62
1697474599310 3.46683519333601 63
1697474600196 3.46486627138578 64
1697474601520 3.4623127236510767 65
1697474602541 3.4597258211961432 66
1697474603480 3.457109072629143 67
1697474604441 3.454880838808806 68
1697474605470 3.4516310351235524 69
1697474606426 3.4486492049526163 70
1697474607433 3.4454666641023426 71
1697474608379 3.4432052128935515 72
1697474609320 3.440584024867496 73
1697474610327 3.436971114476522 74
1697474611199 3.434498965740204 75
1697474612143 3.4317204704532376 76
1697474612954 3.4306222169827194 77
1697474613831 3.4269565932358366 78
1697474614840 3.4235854238271712 79
1697474615857 3.420774209646531 80
1697474616800 3.4176992352415874 81
1697474617747 3.4141923806753502 82
1697474618691 3.411556363105774 83
1697474619657 3.4091197406544405 84
1697474620549 3.405479921851047 85
1697474621493 3.4016216130092225 86
1697474622470 3.3986813480203804 87
1697474623311 3.3958561527595092 88
1697474624203 3.3937459866205852 89
1697474625078 3.389813040639018 90
1697474626084 3.3856760004292363 91
1697474627091 3.3817793784602994 92
1697474628027 3.3790234606316747 93
1697474629034 3.3749366333610133 94
1697474629850 3.371239406367143 95
1697474630855 3.3663915530922486 96
1697474631727 3.363003455862707 97
1697474632733 3.358603617157599 98
1697474633613 3.354049844741821 99
1697474634628 3.3493171092307215 100
1697474635594 3.3454205031488455 101
1697474636563 3.340376934958893 102
1697474637511 3.336480528116226 103
1697474638317 3.333058952149891 104
1697474639337 3.32827516321866 105
1697474640284 3.324161217591473 106
1697474641290 3.3185764948527017 107
1697474642241 3.3136066384271743 108
1697474643182 3.3075445131822065 109
1697474644119 3.3022050320565164 110
1697474644990 3.2969484627246857 111
1697474645997 3.2919492109686925 112
1697474647005 3.285840680724696 113
1697474647881 3.2813998740652335 114
1697474648752 3.2766945649837624 115
1697474649760 3.2708177077464566 116
1697474650507 3.26840467978332 117
1697474651330 3.263234901828926 118
1697474652278 3.257158229748408 119
1697474653224 3.2501867684451016 120
1697474654172 3.243257499132 121
1697474655178 3.2374737999303553 122
1697474656119 3.231133832085517 123
1697474657064 3.224162801742554 124
1697474658090 3.217951768920535 125
1697474658965 3.2118004532310906 126
1697474659972 3.2045849915593863 127
1697474660917 3.198276455088179 128
1697474661867 3.1907936059511623 129
1697474662892 3.1836232083444376 130
1697474663704 3.176927656838388 131
1697474664589 3.169970689859605 132
1697474665477 3.1641132102083804 133
1697474666363 3.1568647296340377 134
1697474667251 3.150454284513698 135
1697474668266 3.1430468106791922 136
1697474669095 3.136134175286777 137
1697474669846 3.1294122702783818 138
1697474670791 3.1224003280912127 139
1697474671736 3.115320290234072 140
1697474672686 3.108087401994517 141
1697474673714 3.1008074216909343 142
1697474674524 3.093526780605316 143
1697474675533 3.08676150585043 144
1697474676410 3.0797222460785956 145
1697474677303 3.072286440401661 146
1697474678344 3.0640721917152405 147
1697474679284 3.056160637996341 148
1697474680225 3.048115640481313 149
1697474680973 3.04090764190977 150
1697474681993 3.0342288111385547 151
1697474683034 3.0267646258173424 152
1697474683991 3.019146091752238 153
1697474684931 3.0109353611546177 154
1697474685756 3.005552214689744 155
1697474686771 2.9976441397029125 156
1697474687785 2.9897605701337886 157
1697474688809 2.982226032131123 158
1697474689715 2.9752485044300556 159
1697474690729 2.9670954357763253 160
1697474691602 2.9597551314919084 161
1697474692610 2.9515905212039595 162
1697474693497 2.944771123368566 163
1697474694414 2.9372824546062586 164
1697474695304 2.9299580260931726 165
1697474696196 2.9223588405255074 166
1697474697226 2.9142271223522367 167
1697474698272 2.906059533181275 168
1697474699152 2.8986481533331028 169
1697474700133 2.8912585395121435 170
1697474701025 2.8827600347441296 171
1697474702079 2.8746965234679296 172
1697474703041 2.866889886472417 173
1697474703937 2.859211314065116 174
1697474704758 2.8514791171659124 175
1697474705811 2.8436570315711243 176
1697474706771 2.835421621129754 177
1697474707723 2.8274509933407748 178
1697474708752 2.8201319264041054 179
1697474709794 2.811925973681455 180
1697474710691 2.8044790625572205 181
1697474711720 2.7963575437420705 182
1697474712621 2.7888335585594177 183
1697474713590 2.7817129624856487 184
1697474714563 2.7742924703064786 185
1697474715460 2.7666165548212387 186
1697474716430 2.7591021580899016 187
1697474717382 2.7527894582697954 188
1697474718340 2.744787618361021 189
1697474719224 2.7370467760175936 190
1697474720267 2.729129978145162 191
1697474721247 2.72159727187972 192
1697474722193 2.714940885293115 193
1697474723084 2.707842188615065 194
1697474724030 2.700397974374343 195
1697474725050 2.693226408232287 196
1697474725941 2.686088578267531 197
1697474726776 2.679401249741789 198
1697474727672 2.6722593021392824 199
1697474728640 2.665107098384876 200
1697474729607 2.6579007476863294 201
1697474730507 2.6511156171413477 202
1697474731475 2.6430088895208694 203
1697474732518 2.635871695890659 204
1697474733407 2.628712462568746 205
1697474734299 2.6214007738131833 206
1697474735187 2.6149198120603194 207
1697474736211 2.6079993938144885 208
1697474737158 2.601008308501471 209
1697474738043 2.5935847041731197 210
1697474739010 2.5867891924561195 211
1697474740039 2.5803401151173553 212
1697474741053 2.573585329211761 213
1697474741930 2.567405090221139 214
1697474742812 2.56093822033317 215
1697474743762 2.5540442104163805 216
1697474744682 2.547868228286778 217
1697474745626 2.541448712348938 218
1697474746458 2.5357454028996553 219
1697474747337 2.529393837462723 220
1697474748224 2.523239976113981 221
1697474749157 2.5173412176525645 222
1697474750110 2.5109487042895386 223
1697474750941 2.5055896033181084 224
1697474751930 2.499243601761033 225
1697474752923 2.4932104569699796 226
1697474753886 2.4867512892212784 227
1697474754783 2.480425046520983 228
1697474755688 2.4740309870761372 229
1697474756644 2.4678162501487897 230
1697474757524 2.4622582166359344 231
1697474758469 2.4558445711504238 232
1697474759493 2.4496804954659224 233
1697474760368 2.444599501630093 234
1697474761381 2.4382833580849534 235
1697474762404 2.4319884052759484 236
1697474763362 2.4259850392822457 237
1697474764342 2.420059874965556 238
1697474765218 2.4147372856736182 239
1697474766166 2.4089640571863327 240
1697474767199 2.403132785942929 241
1697474768149 2.39766654065607 242
1697474769189 2.392486752056685 243
1697474770067 2.3875867794971075 244
1697474771039 2.3815718424029466 245
1697474771887 2.376481670599717 246
1697474772829 2.371076395434718 247
1697474773582 2.365872681859028 248
1697474774559 2.360232783794403 249
1697474775440 2.35478702674349 250
1697474776342 2.349986857838101 251
1697474777289 2.3446439523470732 252
1697474778116 2.3404364599956304 253
1697474779147 2.3353007648505417 254
1697474780189 2.3291287147440016 255
1697474781087 2.323799348758816 256
1697474781988 2.3184951874174815 257
1697474783013 2.3129962938172475 258
1697474783989 2.307337489265662 259
1697474785022 2.3020617402376344 260
1697474785903 2.297246960055737 261
1697474786859 2.292003223651262 262
1697474787690 2.2873632609844208 263
1697474788723 2.28198732699988 264
1697474789669 2.2766019321025763 265
1697474790711 2.2716907307449796 266
1697474791670 2.2669302314075073 267
1697474792642 2.2614309202782725 268
1697474793471 2.2566769794181543 269
1697474794430 2.2516716054444825 270
1697474795388 2.246543423656155 271
1697474796272 2.241657805530143 272
1697474797089 2.236588449808803 273
1697474798137 2.2314950797774573 274
1697474799182 2.2268259983131853 275
1697474800087 2.2216317574039692 276
1697474801039 2.2165856286347343 277
1697474801945 2.2119110132631006 278
1697474802898 2.2075600513390135 279
1697474803932 2.2033141270226855 280
1697474804897 2.1984814804919224 281
1697474805782 2.1938879041284216 282
1697474806776 2.189021315583041 283
1697474807786 2.184101135061498 284
1697474808796 2.1794863512049187 285
1697474809783 2.1748639052337886 286
1697474810681 2.1701962440792055 287
1697474811648 2.165789874160991 288
1697474812639 2.161659278746309 289
1697474813519 2.1570929329829527 290
1697474814473 2.1521235659514386 291
1697474815444 2.147576541013685 292
1697474816203 2.1434668748557164 293
1697474817235 2.138433534210011 294
1697474818209 2.1342127375506066 295
1697474819224 2.1298400976441125 296
1697474820102 2.125124988939938 297
1697474821130 2.12059822529056 298
1697474822141 2.1164296342929205 299
1697474823086 2.111978454051224 300
1697474824184 2.107396704076931 301
1697474825143 2.102908495432473 302
1697474826043 2.098618347982043 303
1697474827081 2.094804446228215 304
1697474828034 2.0907594419382756 305
1697474829073 2.086505159298838 306
1697474830098 2.08216438974653 307
1697474831005 2.078001058796077 308
1697474831951 2.073646422932225 309
1697474832971 2.069231476047798 310
1697474833928 2.0650043212450466 311
1697474834964 2.061170399760286 312
1697474835998 2.057105712450234 313
1697474837041 2.053136829913609 314
1697474838003 2.0493905197215985 315
1697474839018 2.045104151268487 316
1697474840048 2.041501426471854 317
1697474841015 2.0380721443499143 318
1697474841909 2.034157179668546 319
1697474842821 2.0302547546933374 320
1697474843779 2.0264488506761396 321
1697474844731 2.022719723336837 322
1697474845638 2.0189220478505265 323
1697474846658 2.0152552164517914 324
1697474847601 2.0113346856430265 325
1697474848497 2.0075299945810885 326
1697474849439 2.00391220337734 327
1697474850408 2.000214785609202 328
1697474851234 1.996529108285904 329
1697474852123 1.9932003294953407 330
