1697474540169 916.89111328125 0
1697474541022 1833.774169921875 1
1697474541929 2744.9899291992188 2
1697474542769 3660.7584838867188 3
1697474543758 4571.704406738281 4
1697474544683 5483.657287597656 5
1697474545583 6393.800598144531 6
1697474546485 7303.615173339844 7
1697474547272 8212.113708496094 8
1697474548189 9118.381042480469 9
1697474549118 10022.492370605469 10
1697474549984 10930.025939941406 11
1697474550881 11835.233642578125 12
1697474551792 12738.604125976562 13
1697474552634 13640.22412109375 14
1697474553620 14543.481567382812 15
1697474554469 15448.222534179688 16
1697474555304 16349.703186035156 17
1697474556224 17252.213623046875 18
1697474557096 18149.62811279297 19
1697474558054 19053.32977294922 20
1697474558918 19953.775451660156 21
1697474559779 20851.6416015625 22
1697474560799 21752.068603515625 23
1697474561667 22648.966064453125 24
1697474562596 23545.421875 25
1697474563599 24434.834594726562 26
1697474564547 25332.2724609375 27
1697474565477 26221.586547851562 28
1697474566347 27109.996337890625 29
1697474567341 28007.712280273438 30
1697474568344 28895.381591796875 31
1697474569347 29781.22900390625 32
1697474570280 30671.524841308594 33
1697474571176 31555.280883789062 34
1697474572109 32446.476806640625 35
1697474573055 33328.79846191406 36
1697474574005 34206.570373535156 37
1697474575023 35093.19805908203 38
1697474576001 35980.61407470703 39
1697474577023 36858.74670410156 40
1697474578119 37742.672607421875 41
1697474579072 38619.06311035156 42
1697474580109 39499.74298095703 43
1697474581044 40375.866271972656 44
1697474581965 41254.65832519531 45
1697474582984 42128.310791015625 46
1697474584006 42998.24035644531 47
1697474584941 43872.07354736328 48
1697474585884 44744.232177734375 49
1697474586909 45607.96203613281 50
1697474587992 46474.723083496094 51
1697474589020 47335.68194580078 52
1697474590043 48204.141357421875 53
1697474591003 49071.423095703125 54
1697474592026 49933.331481933594 55
1697474593054 50789.359924316406 56
1697474593823 51661.096252441406 57
1697474594697 52527.66101074219 58
1697474595509 53390.97900390625 59
1697474596396 54251.663330078125 60
1697474597292 55115.231384277344 61
1697474598301 55952.673400878906 62
1697474599309 56800.62780761719 63
1697474600195 57655.374755859375 64
1697474601079 58499.235778808594 65
1697474602540 59341.21728515625 66
1697474603478 60181.354736328125 67
1697474604439 61027.01513671875 68
1697474605469 61853.22814941406 69
1697474606424 62682.64794921875 70
1697474607432 63506.841552734375 71
1697474608377 64346.61901855469 72
1697474609318 65178.423767089844 73
1697474610326 65989.84539794922 74
1697474611197 66821.6118774414 75
1697474612141 67646.07391357422 76
1697474612953 68502.66442871094 77
1697474613830 69306.77014160156 78
1697474614838 70115.02947998047 79
1697474615856 70933.17401123047 80
1697474616799 71744.3423461914 81
1697474617745 72544.75970458984 82
1697474618690 73362.10803222656 83
1697474619654 74182.44555664062 84
1697474620548 74975.04595947266 85
1697474621491 75760.9165649414 86
1697474622463 76565.49340820312 87
1697474623310 77371.18658447266 88
1697474624201 78191.90753173828 89
1697474625077 78969.08459472656 90
1697474626083 79739.44116210938 91
1697474627090 80513.40344238281 92
1697474628026 81312.82055664062 93
1697474629033 82078.45892333984 94
1697474629848 82851.5796508789 95
1697474630854 83594.23504638672 96
1697474631726 84371.0307006836 97
1697474632733 85120.45007324219 98
1697474633612 85863.67602539062 99
1697474634627 86599.94317626953 100
1697474635592 87355.62017822266 101
1697474636561 88079.0590209961 102
1697474637509 88830.4575805664 103
1697474638316 89592.62463378906 104
1697474639336 90316.07482910156 105
1697474640282 91055.42407226562 106
1697474641288 91752.0029296875 107
1697474642239 92462.87963867188 108
1697474643181 93140.45349121094 109
1697474644118 93835.45819091797 110
1697474644988 94530.10632324219 111
1697474645996 95229.50677490234 112
1697474647004 95893.97442626953 113
1697474647880 96604.41229248047 114
1697474648751 97304.72180175781 115
1697474649759 97967.53198242188 116
1697474650505 98731.96856689453 117
1697474651329 99411.1880493164 118
1697474652277 100059.9008178711 119
1697474653223 100677.78533935547 120
1697474654170 101293.41821289062 121
1697474655177 101941.57501220703 122
1697474656118 102569.11236572266 123
1697474657062 103173.20965576172 124
1697474658089 103798.25225830078 125
1697474658963 104422.05633544922 126
1697474659970 105007.84100341797 127
1697474660915 105619.88165283203 128
1697474661866 106189.61120605469 129
1697474662891 106765.98791503906 130
1697474663703 107354.73937988281 131
1697474664586 107931.16204833984 132
1697474665476 108541.73956298828 133
1697474666362 109101.24505615234 134
1697474667250 109686.2163696289 135
1697474668265 110232.93774414062 136
1697474669094 110793.34814453125 137
1697474669845 111357.00622558594 138
1697474670790 111906.82775878906 139
1697474671735 112450.60119628906 140
1697474672685 112985.19323730469 141
1697474673713 113514.35809326172 142
1697474674523 114039.77124023438 143
1697474675532 114580.58709716797 144
1697474676409 115107.6986694336 145
1697474677302 115616.28332519531 146
1697474678343 116091.56719970703 147
1697474679283 116574.19137573242 148
1697474680224 117047.64059448242 149
1697474680971 117549.32580566406 150
1697474681992 118067.91149902344 151
1697474683026 118552.31686401367 152
1697474683990 119026.81552124023 153
1697474684930 119473.91513061523 154
1697474685754 120029.73324584961 155
1697474686769 120481.31326293945 156
1697474687783 120929.83554077148 157
1697474688807 121388.52841186523 158
1697474689714 121866.17874145508 159
1697474690728 122291.80548095703 160
1697474691601 122746.96481323242 161
1697474692609 123163.96926879883 162
1697474693495 123633.27084350586 163
1697474694412 124070.81088256836 164
1697474695303 124511.49627685547 165
1697474696194 124936.68515014648 166
1697474697222 125335.080078125 167
1697474698270 125727.75964355469 168
1697474699151 126149.16763305664 169
1697474700131 126567.7338256836 170
1697474701024 126933.68984985352 171
1697474702078 127314.55963134766 172
1697474703040 127702.74310302734 173
1697474703936 128092.66687011719 174
1697474704755 128476.24310302734 175
1697474705810 128851.78741455078 176
1697474706769 129204.49243164062 177
1697474707722 129565.11431884766 178
1697474708750 129951.67916870117 179
1697474709793 130293.4019165039 180
1697474710688 130666.28848266602 181
1697474711718 131003.75820922852 182
1697474712620 131365.2159423828 183
1697474713586 131741.9259033203 184
1697474714562 132100.71026611328 185
1697474715458 132443.46771240234 186
1697474716428 132790.06866455078 187
1697474717381 133190.96514892578 188
1697474718339 133506.46975708008 189
1697474719222 133830.63916015625 190
1697474720266 134142.19668579102 191
1697474721246 134468.6780090332 192
1697474722192 134834.82412719727 193
1697474723083 135175.48205566406 194
1697474724029 135495.16876220703 195
1697474725048 135824.7942199707 196
1697474725939 136152.4578552246 197
1697474726775 136499.4172668457 198
1697474727671 136819.67626953125 199
1697474728639 137135.7508544922 200
1697474729606 137445.36346435547 201
1697474730506 137773.17639160156 202
1697474731473 138028.4962463379 203
1697474732517 138330.5466003418 204
1697474733406 138627.7804260254 205
1697474734298 138913.2698059082 206
1697474735185 139239.2501525879 207
1697474736210 139538.3995666504 208
1697474737155 139830.20666503906 209
1697474738041 140095.07138061523 210
1697474739008 140390.22305297852 211
1697474740037 140700.78579711914 212
1697474741052 140991.2986755371 213
1697474741929 141309.97616577148 214
1697474742811 141609.63983154297 215
1697474743758 141882.26397705078 216
1697474744681 142191.43008422852 217
1697474745625 142483.78060913086 218
1697474746454 142813.1810913086 219
1697474747336 143102.98574829102 220
1697474748220 143400.77432250977 221
1697474749156 143709.9754333496 222
1697474750109 143987.8424987793 223
1697474750939 144321.96115112305 224
1697474751928 144596.23782348633 225
1697474752922 144885.44607543945 226
1697474753885 145146.69924926758 227
1697474754781 145412.4379272461 228
1697474755687 145670.94451904297 229
1697474756642 145936.78176879883 230
1697474757523 146238.4400024414 231
1697474758468 146486.21697998047 232
1697474759492 146745.66040039062 233
1697474760367 147067.1060180664 234
1697474761380 147311.32736206055 235
1697474762402 147553.60052490234 236
1697474763359 147810.41647338867 237
1697474764341 148068.94338989258 238
1697474765217 148361.4588317871 239
1697474766165 148623.44647216797 240
1697474767198 148878.88235473633 241
1697474768144 149154.0401611328 242
1697474769188 149444.29248046875 243
1697474770066 149749.4428100586 244
1697474771035 149981.86834716797 245
1697474771886 150269.68899536133 246
1697474772828 150534.89819335938 247
1697474773579 150810.18823242188 248
1697474774558 151054.8981628418 249
1697474775439 151309.1951904297 250
1697474776341 151602.35217285156 251
1697474777287 151857.89950561523 252
1697474778115 152184.54037475586 253
1697474779146 152448.43392944336 254
1697474780188 152641.7794494629 255
1697474781086 152887.40675354004 256
1697474781986 153131.9701385498 257
1697474783011 153360.9062652588 258
1697474783987 153576.38328552246 259
1697474785021 153814.55723571777 260
1697474785902 154080.9481048584 261
1697474786857 154315.9930419922 262
1697474787689 154589.1586303711 263
1697474788722 154810.02026367188 264
1697474789668 155027.48516845703 265
1697474790710 155274.60482788086 266
1697474791669 155529.54931640625 267
1697474792641 155731.17889404297 268
1697474793470 155981.5128173828 269
1697474794429 156211.9692993164 270
1697474795387 156431.3116760254 271
1697474796271 156664.98071289062 272
1697474797088 156883.26022338867 273
1697474798134 157097.253616333 274
1697474799181 157338.6177368164 275
1697474800086 157540.35118103027 276
1697474801038 157749.96601867676 277
1697474801944 157983.5322113037 278
1697474802897 158237.90447998047 279
1697474803931 158497.6050415039 280
1697474804896 158712.77503967285 281
1697474805778 158942.7908782959 282
1697474806775 159150.6057281494 283
1697474807785 159352.0188140869 284
1697474808795 159573.27268981934 285
1697474809781 159791.6008453369 286
1697474810680 160004.22868347168 287
1697474811642 160233.79804992676 288
1697474812638 160481.58485412598 289
1697474813518 160694.79513549805 290
1697474814472 160875.54080200195 291
1697474815443 161085.4211883545 292
1697474816202 161325.89086914062 293
1697474817233 161494.50050354004 294
1697474818208 161722.10440063477 295
1697474819223 161936.00230407715 296
1697474820101 162121.53515625 297
1697474821128 162319.07055664062 298
1697474822140 162541.7959136963 299
1697474823085 162740.6117553711 300
1697474824182 162927.0539855957 301
1697474825142 163118.40617370605 302
1697474826042 163322.8743133545 303
1697474827080 163562.33116149902 304
1697474828033 163781.73164367676 305
1697474829072 163982.61347961426 306
1697474830096 164174.49780273438 307
1697474831004 164378.19575500488 308
1697474831950 164564.58012390137 309
1697474832969 164743.93319702148 310
1697474833927 164936.02514648438 311
1697474834963 165157.4617919922 312
1697474835996 165358.3855895996 313
1697474837040 165564.9539642334 314
1697474838002 165787.49548339844 315
1697474839017 165964.29208374023 316
1697474840046 166194.5481262207 317
1697474841014 166437.1235961914 318
1697474841908 166638.15615844727 319
1697474842820 166838.2147216797 320
1697474843778 167044.23165893555 321
1697474844729 167254.64848327637 322
1697474845637 167457.47033691406 323
1697474846657 167669.23400878906 324
1697474847600 167857.9475250244 325
1697474848496 168054.35090637207 326
1697474849437 168264.49989318848 327
1697474850407 168466.0901031494 328
1697474851232 168666.77906799316 329
1697474852122 168895.8231201172 330
