1697186986823 3.577683925628662 0
1697187000154 3.5890119075775146 0
1697187010797 3.5855867067972818 0
1697187023518 3.5838032960891724 0
1697187036913 3.582325649261475 0
1697187049204 3.5788094997406006 0
1697187063070 3.5764969076429094 0
1697187077202 3.5742936730384827 0
1697187089815 3.5733311441209583 0
1697187101574 3.5715599775314333 0
1697187113170 3.5694404298608955 0
1697187126101 3.568642814954122 0
1697187137617 3.568493806398832 0
1697187150357 3.5667624984468733 0
1697187160975 3.566135803858439 0
1697187172771 3.564688101410866 0
1697187186126 3.5614706067477955 0
1697187197408 3.5599654648039074 0
1697187208627 3.5567231805701005 0
1697187221216 3.5556936144828795 0
1697187232059 3.55369732493446 0
1697187243164 3.5528124570846558 0
1697187253751 3.551730456559554 0
1697187265422 3.550458570321401 0
1697187277348 3.5493520069122315 0
1697187291247 3.5475720167160034 0
1697187303210 3.545495130397655 0
1697187317156 3.5442773955208913 0
1697187330416 3.541797966792666 0
1697187342085 3.5399131933848063 0
1697187353278 3.539027198668449 0
1697187367179 3.5365623980760574 0
1697187380460 3.5347081531177866 0
1697187392989 3.5329634932910694 0
1697187406225 3.531417867115566 0
1697187418749 3.5291139350997076 0
1697187430721 3.527507781982422 0
1697187444630 3.525482409878781 0
1697187457823 3.5242818685678334 0
1697187470396 3.52225940823555 0
1697187481505 3.5197517406649705 0
1697187493230 3.5178291229974654 0
1697187499791 3.515694030495577 0
1697187512249 3.5135840990326623 0
1697187524328 3.511970885594686 0
1697187537129 3.510200153226438 0
1697187549365 3.5083260028920273 0
1697187562017 3.5064756671587625 0
1697187573297 3.5043454072913347 0
1697187586043 3.501994833946228 0
1697187599395 3.49943686466591 0
1697187613394 3.496632076226748 0
1697187623632 3.4947397483969636 0
1697187637591 3.4917312021608704 0
1697187648805 3.4894242893565783 0
1697187660649 3.487287904535021 0
1697187674008 3.4845624220998666 0
1697187688031 3.482544249501722 0
1697187701424 3.4796677726810263 0
1697187715383 3.4773218353589375 0
1697187728888 3.4753457718208187 0
1697187742840 3.4725711999400968 0
1697187754818 3.470859720593407 0
1697187767387 3.468132060021162 0
1697187780681 3.4659828149355376 0
1697187793257 3.4639419028253267 0
1697187805367 3.460966177840731 0
1697187818050 3.4582557187360874 0
1697187828617 3.455842488053916 0
1697187841196 3.4529200519834244 0
1697187851754 3.4505960336873227 0
1697187862977 3.4468843473328485 0
1697187875062 3.4441261944705492 0
1697187887654 3.440695079597267 0
1697187898980 3.4378108151753746 0
1697187911784 3.4338001953928092 0
1697187923106 3.430418992971445 0
1697187937141 3.426531113111056 0
1697187947721 3.4230164334743836 0
1697187961678 3.4194772124290465 0
1697187973684 3.4162594359598044 0
1697187986248 3.412420127449966 0
1697187997491 3.409492147974221 0
1697188011414 3.4056187981650945 0
1697188024847 3.402503386665793 0
1697188036563 3.398213721985041 0
1697188047749 3.394102302090875 0
1697194236470 3.3893683634021063 0
1697194249578 3.3846339670459877 0
1697194263660 3.380375705824958 0
1697194273997 3.375709565131219 0
1697194286067 3.3720002070717188 0
