1697186986820 915.8870849609375 0
1697187000152 1837.5740966796875 0
1697187010795 2753.7305908203125 0
1697187023515 3669.8145751953125 0
1697187036910 4585.3768310546875 0
1697187049201 5497.0513916015625 0
1697187063066 6409.082458496094 0
1697187077198 7320.1534423828125 0
1697187089812 8232.954956054688 0
1697187101572 9143.193542480469 0
1697187113167 10051.544250488281 0
1697187126099 10962.870727539062 0
1697187137614 11875.947387695312 0
1697187150354 12783.276794433594 0
1697187160972 13693.961486816406 0
1697187172769 14600.962463378906 0
1697187186123 15499.520080566406 0
1697187197405 16404.320861816406 0
1697187208624 17299.90155029297 0
1697187221213 18205.151306152344 0
1697187232057 19104.676818847656 0
1697187243162 20009.43975830078 0
1697187253748 20912.588928222656 0
1697187265420 21814.017456054688 0
1697187277346 22715.85284423828 0
1697187291244 23612.63934326172 0
1697187303207 24506.462341308594 0
1697187317152 25405.38037109375 0
1697187330412 26294.30810546875 0
1697187342083 27186.533325195312 0
1697187353275 28085.719848632812 0
1697187367177 28971.519165039062 0
1697187380458 29861.214477539062 0
1697187392987 30750.91424560547 0
1697187406223 31641.50408935547 0
1697187418746 32524.314025878906 0
1697187430719 33412.5537109375 0
1697187444628 34295.89288330078 0
1697187457820 35186.43017578125 0
1697187470394 36067.93634033203 0
1697187481503 36943.31427001953 0
1697187493227 37823.69873046875 0
1697187499788 38700.75988769531 0
1697187512247 39577.011291503906 0
1697187524326 40457.90460205078 0
1697187537127 41336.11700439453 0
1697187549363 42212.178466796875 0
1697187562014 43087.572998046875 0
1697187573294 43958.5087890625 0
1697187586039 44825.53387451172 0
1697187599393 45688.647705078125 0
1697187613389 46547.16619873047 0
1697187623630 47416.62890625 0
1697187637589 48269.692138671875 0
1697187648802 49131.093994140625 0
1697187660647 49993.75939941406 0
1697187674005 50846.73486328125 0
1697187688028 51708.81701660156 0
1697187701422 52556.90203857422 0
1697187715380 53411.66339111328 0
1697187728885 54270.999572753906 0
1697187742838 55116.65008544922 0
1697187754815 55978.02557373047 0
1697187767383 56821.87567138672 0
1697187780679 57673.954040527344 0
1697187793255 58526.76239013672 0
1697187805364 59362.49188232422 0
1697187818047 60201.31555175781 0
1697187828615 61044.001708984375 0
1697187841194 61876.32733154297 0
1697187851752 62718.03350830078 0
1697187862975 63532.97229003906 0
1697187875059 64363.830322265625 0
1697187887651 65180.527587890625 0
1697187898977 66005.96765136719 0
1697187911782 66808.0166015625 0
1697187923103 67620.41918945312 0
1697187937139 68420.97326660156 0
1697187947718 69227.08435058594 0
1697187961676 70030.89331054688 0
1697187973682 70839.5556640625 0
1697187986245 71633.52331542969 0
1697187997488 72444.88916015625 0
1697188011412 73234.42663574219 0
1697188024845 74038.47369384766 0
1697188036561 74815.07330322266 0
1697188047746 75593.44647216797 0
1697194236428 76355.69049072266 0
1697194249576 77115.50030517578 0
1697194263657 77883.85626220703 0
1697194273995 78640.53002929688 0
1697194286064 79417.34887695312 0
